25
4
4 2
1 4
4 3
2
2 1
2
1 2
9
7 5
6 2
6 4
4 3
3 8
2 1
9 6
5 9
8
3 6
3 5
2 3
1 4
1 7
4 8
7 2
10
9 5
8 9
7 1
10 7
6 4
5 10
3 8
6 3
10 2
10
3 9
7 1
5 7
7 2
4 10
8 3
7 8
9 6
6 4
10
10 6
10 9
9 4
2 10
5 1
6 3
8 5
8 7
7 2
10
7 1
1 9
2 7
5 3
10 2
9 4
6 10
1 5
8 6
10
7 8
8 3
3 1
5 2
5 9
6 7
6 5
7 10
4 6
243
55 45
236 140
213 84
221 195
106 102
98 74
116 59
198 243
204 231
137 139
167 65
45 189
162 174
187 223
49 3
221 73
53 114
205 164
142 226
26 105
86 150
187 104
42 185
47 113
241 143
80 75
72 213
28 144
193 85
169 101
152 108
166 39
119 52
158 122
129 208
48 10
100 193
218 135
200 64
132 32
94 51
171 16
124 206
235 202
191 184
117 1
30 169
168 44
162 160
227 220
149 112
108 146
222 153
177 99
58 66
90 235
185 21
240 100
208 92
239 137
182 35
211 209
151 159
220 115
66 83
156 38
242 227
70 151
216 224
35 210
124 121
149 211
179 13
206 79
167 154
55 26
164 9
155 62
233 134
184 50
5 177
217 216
9 167
185 155
186 48
39 107
214 6
150 2
169 237
4 116
12 132
26 70
74 76
93 4
39 98
103 212
173 88
97 29
112 46
172 69
12 125
239 179
60 43
181 37
166 192
9 53
175 225
8 222
113 181
172 15
121 236
238 60
149 127
67 111
84 5
223 214
89 219
216 24
177 87
102 131
103 124
42 71
159 180
57 187
146 204
212 63
184 242
99 11
202 27
184 67
45 36
1 14
132 126
230 171
123 165
45 129
187 196
146 182
174 172
29 31
207 194
86 205
202 232
236 200
78 18
60 123
104 188
95 168
4 170
167 103
60 68
137 190
17 186
223 89
148 96
67 215
188 197
168 148
173 176
199 82
140 130
8 199
203 33
86 229
196 47
102 183
232 7
2 138
73 40
197 152
162 106
237 217
159 117
65 56
40 161
68 158
159 80
123 109
227 203
64 147
31 142
75 41
229 8
38 97
69 178
130 141
84 77
106 25
190 136
148 133
13 230
81 149
174 22
82 118
200 191
89 201
7 95
86 157
35 90
191 23
141 34
85 91
241 221
239 162
192 198
178 20
144 58
81 57
16 228
122 78
148 156
187 17
224 54
21 234
190 173
171 49
107 30
233 72
25 61
141 28
207 241
94 238
77 94
143 166
87 239
88 240
67 42
161 86
124 163
140 233
196 120
218 128
221 145
47 12
48 55
195 175
22 81
217 93
74 110
107 119
135 207
179 19
76
16 59
5 33
24 48
61 16
39 34
33 54
66 62
15 74
4 50
73 35
40 4
62 29
55 38
3 71
46 56
13 65
47 30
71 61
9 17
61 21
5 3
50 1
44 55
71 37
55 45
53 40
24 8
22 64
70 13
14 32
54 28
38 63
40 23
10 70
17 26
67 10
53 75
51 6
31 52
44 68
47 5
75 67
39 41
33 31
39 53
68 22
23 51
31 66
25 14
36 69
44 12
46 39
29 27
32 20
27 15
49 72
72 19
43 25
3 46
21 7
7 9
51 58
4 60
32 24
67 11
26 36
14 18
8 2
27 76
33 57
54 44
50 73
56 49
27 43
71 42
349
338 20
176 132
339 315
172 210
255 103
254 290
298 101
88 289
202 176
61 253
61 84
108 102
310 149
260 166
217 331
28 90
70 269
264 328
198 207
117 188
47 263
112 24
278 115
324 129
63 3
268 264
105 9
242 33
267 47
20 254
107 162
263 281
242 329
166 110
331 222
226 92
179 232
326 196
165 70
86 327
300 107
174 121
180 279
192 83
71 59
295 49
317 249
89 204
124 146
4 112
18 208
294 186
152 57
148 79
322 67
281 236
268 306
281 298
147 314
27 198
316 175
4 2
86 94
63 130
63 220
45 272
176 168
230 206
168 216
289 87
278 167
28 255
139 128
90 302
128 321
92 227
238 95
344 303
88 228
17 125
252 64
120 258
137 213
235 77
118 135
298 247
190 81
157 104
42 313
305 15
78 335
22 229
223 99
169 300
189 152
225 12
16 91
307 341
235 117
45 344
265 17
87 39
348 124
18 147
228 346
27 280
159 10
33 179
37 295
141 48
9 189
290 348
64 63
243 276
275 11
314 6
236 32
264 96
148 141
336 246
28 271
285 142
232 68
67 93
297 262
94 38
315 323
177 301
17 163
283 109
128 46
346 157
63 22
98 312
321 282
122 61
154 8
180 137
19 259
285 221
317 82
19 120
44 201
152 144
37 202
106 165
32 74
44 217
248 251
305 133
196 105
120 194
117 257
326 235
252 29
76 14
194 214
331 340
30 273
16 338
284 54
272 53
304 223
64 7
272 158
254 225
122 342
8 287
252 37
340 169
11 88
177 85
43 250
45 13
171 123
237 181
1 288
82 138
262 239
116 31
255 65
336 43
74 62
117 73
161 30
51 317
37 76
253 60
12 274
40 277
176 113
218 159
294 69
253 199
322 261
298 307
34 349
117 174
2 21
52 244
78 108
65 345
325 134
186 283
43 66
11 180
128 72
76 5
229 275
260 240
137 305
156 42
335 224
117 131
182 336
266 127
12 296
181 98
46 56
185 191
35 205
259 28
66 334
74 183
176 343
74 187
92 316
233 318
287 252
244 337
160 339
76 256
287 192
156 4
188 78
17 308
96 25
8 172
293 320
319 215
271 326
151 150
222 218
297 161
294 311
244 51
34 173
291 285
86 185
46 58
236 242
124 268
301 266
349 286
192 178
118 151
247 153
62 333
114 284
117 292
159 19
180 155
295 310
202 41
225 209
344 148
180 86
127 143
8 294
27 278
272 80
321 230
9 34
323 325
104 330
256 219
56 106
146 238
105 297
33 243
313 195
3 136
71 197
108 260
192 119
90 89
212 309
239 164
153 139
173 270
65 18
52 171
258 126
119 111
180 245
150 140
333 170
255 190
85 97
183 182
262 241
101 45
194 299
184 40
318 234
272 265
236 231
305 75
179 35
145 184
210 100
306 200
38 116
272 55
233 293
297 160
203 23
299 347
29 324
38 304
115 154
206 27
81 193
145 114
107 267
292 16
287 71
292 226
103 237
186 26
217 319
197 1
186 248
185 212
160 156
193 177
271 50
106 211
7 322
284 44
282 203
340 291
127 52
293 145
241 36
342 233
140 122
173 332
217
109 95
30 86
137 82
124 191
124 162
108 48
99 158
80 35
102 176
95 62
99 137
67 42
203 101
189 166
94 117
197 30
11 23
164 99
154 39
31 92
67 214
195 105
101 163
154 73
129 98
174 200
148 16
113 202
199 156
60 53
86 148
165 160
183 127
26 74
197 108
13 185
139 47
171 179
73 168
36 37
181 173
14 167
116 172
128 193
170 174
216 184
41 122
211 155
70 8
51 130
76 129
110 10
54 33
61 32
124 57
135 26
149 115
15 90
138 83
3 116
159 11
53 203
35 147
195 131
40 132
3 180
18 45
91 165
121 1
38 206
3 175
128 142
21 88
10 190
107 113
104 195
186 181
158 182
108 110
45 13
170 198
149 64
27 207
116 75
44 69
100 97
73 210
48 67
105 139
42 12
10 208
18 81
46 17
60 136
183 71
43 128
175 159
131 170
195 141
169 28
34 187
206 96
184 65
17 87
145 44
54 215
163 192
161 211
174 189
31 56
50 55
204 107
157 54
88 41
122 125
47 93
63 61
217 27
193 118
93 106
203 109
131 112
26 201
116 40
14 91
42 145
182 143
94 199
212 104
209 5
154 153
4 111
13 49
92 38
204 25
73 77
41 22
36 164
50 177
117 197
156 154
187 169
214 186
136 178
207 151
12 66
27 152
109 217
70 209
95 124
158 80
145 15
196 144
31 212
6 2
40 72
148 100
53 21
192 3
173 171
41 78
113 196
187 204
170 89
143 18
186 103
2 133
129 138
135 123
138 9
101 146
201 68
164 149
119 150
78 36
139 79
143 29
165 188
30 216
208 31
149 4
25 135
14 183
213 119
129 60
73 140
109 94
24 76
63 161
166 120
202 24
26 157
200 20
72 50
39 205
145 52
141 59
164 43
210 121
182 85
195 7
215 19
66 51
11 134
211 126
72 63
153 102
55 14
197 114
43 46
72 6
5 34
145 84
187 213
172 58
18 194
388
177 257
86 329
321 305
91 330
362 41
103 13
34 30
221 172
8 22
237 249
92 88
280 24
344 97
16 311
338 318
174 319
100 209
256 280
188 154
346 164
111 84
197 387
210 350
299 181
81 145
29 341
205 130
380 100
50 206
62 180
192 15
144 211
280 105
103 59
206 26
215 169
99 33
338 38
346 367
123 109
146 307
116 295
229 308
178 343
17 296
290 342
297 174
101 378
305 205
97 170
68 85
256 271
214 155
95 213
176 74
90 78
170 7
80 71
303 102
345 236
137 179
77 198
352 337
384 69
274 47
104 374
249 166
247 171
147 90
242 352
53 126
201 331
368 2
246 313
329 327
160 82
32 146
368 189
13 255
192 136
303 269
278 70
131 275
177 201
189 37
153 276
304 288
36 27
157 52
272 203
99 48
175 98
100 176
193 51
342 225
206 167
296 223
323 187
224 16
174 212
43 250
227 54
44 45
120 101
311 202
183 216
307 17
259 363
281 124
218 332
243 135
147 310
298 299
314 29
360 306
22 44
346 354
282 260
145 92
28 56
201 81
54 309
326 297
80 238
298 204
36 118
42 131
377 228
43 373
23 265
77 157
327 336
111 46
278 25
44 165
125 298
361 66
194 140
8 375
173 123
134 222
25 277
132 214
198 163
217 384
254 284
53 356
310 153
238 83
151 248
168 323
107 120
87 322
141 370
290 158
307 142
137 6
298 193
74 1
205 345
147 247
85 149
89 339
213 207
125 362
229 278
382 60
291 64
61 184
154 122
259 113
240 210
236 333
195 117
174 256
134 264
54 301
167 292
373 377
323 233
23 168
298 162
307 10
60 36
326 324
374 111
103 194
11 348
350 239
67 369
304 55
181 251
86 3
254 183
328 379
194 80
289 108
277 240
33 106
62 134
74 221
250 35
193 231
317 364
70 217
281 355
355 18
331 237
101 103
244 34
101 372
11 62
264 195
370 229
1 281
377 177
11 42
60 325
12 315
276 185
247 334
384 368
38 182
175 287
290 87
242 115
76 114
81 96
229 5
107 357
327 359
245 349
17 272
31 144
232 9
206 72
50 246
327 326
162 314
354 139
339 279
375 227
51 268
247 386
129 116
193 67
56 366
369 235
27 68
325 14
294 12
97 244
356 76
349 338
184 220
165 138
295 321
271 4
107 73
259 58
267 232
189 242
228 160
154 191
84 283
222 226
279 128
231 380
266 129
1 371
318 365
347 270
62 91
76 340
304 258
363 173
132 230
258 57
213 156
272 132
218 61
170 300
321 302
156 43
379 294
156 290
376 133
336 152
298 291
236 358
163 161
139 112
309 335
7 148
315 303
216 110
280 50
60 40
121 316
376 8
73 382
363 353
367 262
202 188
18 53
203 224
209 347
163 385
352 196
164 261
22 186
257 199
93 21
356 266
326 11
218 304
109 104
385 121
146 119
98 219
180 274
323 147
2 159
132 192
273 151
371 190
236 32
43 127
176 86
351 282
189 197
81 200
135 267
178 285
66 320
74 317
356 252
314 328
269 31
205 175
273 178
146 351
38 79
324 289
356 360
264 65
339 253
385 125
345 381
342 19
288 361
162 388
120 215
288 77
310 49
113 150
8 346
266 208
88 99
223 263
52 293
26 259
359 234
164 94
264 95
48 20
320 75
295 93
24 137
8 273
51 63
76 107
305 39
222 243
247 312
66 143
81 28
232 254
210 344
145 286
133 218
317 89
37 383
105 241
52 245
252 23
114 141
500
93 331
372 358
188 192
245 5
168 364
376 426
390 16
393 100
231 325
130 242
26 261
287 20
390 177
438 99
442 133
387 324
50 122
4 292
179 414
131 399
55 225
344 478
260 10
476 131
209 482
100 333
191 463
481 148
331 460
413 366
7 29
272 55
332 359
395 473
394 205
387 130
463 269
405 19
142 481
37 360
338 38
346 67
122 252
44 37
481 134
213 462
64 441
13 101
10 464
51 466
238 311
42 150
59 341
475 105
403 210
169 283
246 49
409 120
430 48
259 193
25 336
279 104
484 488
15 416
15 274
348 81
120 77
387 121
84 155
12 174
394 2
161 277
69 228
472 97
82 223
426 27
372 361
496 494
6 365
245 483
208 227
42 357
204 169
42 284
41 419
370 236
489 362
218 271
97 54
196 9
14 293
326 436
366 103
394 92
243 272
71 455
385 250
241 327
14 397
269 218
144 273
235 247
318 108
307 437
449 329
41 84
458 25
277 183
5 21
77 94
176 118
7 372
88 348
490 200
490 310
45 115
229 421
64 486
27 153
31 496
156 43
131 145
415 448
255 35
444 162
127 171
131 233
85 423
80 408
243 57
395 467
448 161
246 206
292 354
36 304
25 493
28 379
350 34
479 113
87 411
373 318
205 203
192 246
435 316
424 68
52 438
244 106
132 137
96 415
307 110
286 195
98 238
223 45
125 87
286 187
388 451
40 499
348 240
230 91
186 179
379 73
331 429
309 457
356 297
171 355
314 93
39 303
158 15
101 31
431 443
35 403
248 383
287 334
256 112
250 342
499 136
159 295
372 167
96 356
156 267
428 326
172 160
379 215
77 255
69 194
43 184
397 390
308 172
101 53
37 453
335 237
245 180
378 231
68 497
338 404
355 398
81 317
131 222
57 480
75 123
418 82
212 127
198 116
26 468
100 380
479 159
434 58
482 484
175 1
76 256
316 489
85 427
402 418
245 140
306 410
294 114
136 433
397 265
350 178
139 388
351 431
113 243
328 60
44 396
263 490
56 212
493 485
409 173
188 119
409 332
475 370
15 498
315 447
360 251
359 142
286 276
137 72
272 339
255 309
403 83
2 102
459 338
189 477
159 285
122 349
171 132
49 17
415 129
247 440
291 290
69 374
481 470
384 96
159 376
370 213
81 257
283 456
237 3
105 42
282 12
375 430
294 260
174 286
74 313
413 181
244 143
393 254
413 232
212 117
168 76
119 244
479 476
308 350
485 7
185 207
143 191
465 18
368 306
208 422
270 275
189 335
115 353
403 78
371 135
430 461
424 312
406 384
139 343
144 371
150 320
334 492
436 385
60 288
93 434
191 175
329 32
84 395
254 386
29 435
235 62
92 149
370 308
333 345
413 279
445 248
209 46
268 387
167 394
345 217
194 424
363 26
465 182
249 6
482 90
269 300
397 166
26 337
89 28
95 164
428 88
35 449
405 144
2 146
267 176
456 328
296 459
248 302
329 407
273 289
132 249
8 281
56 165
331 22
106 389
425 141
452 420
187 8
62 185
114 71
460 239
47 296
330 369
14 321
337 204
446 158
261 413
105 52
333 4
187 270
372 189
208 98
156 79
340 263
349 201
97 86
217 471
482 170
69 391
409 315
189 393
156 61
101 299
30 241
14 40
298 428
474 59
1 64
339 291
429 409
154 347
299 445
170 264
368 188
110 344
16 74
327 229
221 401
310 11
27 147
138 375
440 479
105 30
29 36
361 128
447 378
341 70
490 151
138 154
381 458
485 412
435 323
419 322
170 221
411 405
308 400
115 363
269 450
203 314
150 367
193 444
481 452
42 196
273 157
440 282
374 211
480 197
317 491
17 209
44 224
416 432
404 226
479 230
213 50
498 216
94 280
477 377
310 63
377 351
272 425
240 266
331 235
239 214
171 417
304 352
482 56
231 406
57 500
26 156
452 14
142 465
191 495
221 487
209 202
418 47
358 258
496 382
20 340
198 368
82 198
491 124
1 287
15 475
44 278
203 268
44 298
91 41
18 446
30 126
4 109
201 454
117 373
65 152
105 111
179 220
466 199
116 262
379 234
279 39
251 24
276 89
335 305
111 245
43 107
452 330
238 219
52 51
119 381
152 163
159 125
167 259
347 346
22 439
456 69
199 208
363 190
497 442
409 66
436 75
147 139
256 319
493 307
341 402
491 95
202 186
90 294
202 80
177 168
240 474
155 469
498 13
23 44
347 23
311 392
54 138
348 301
11 65
248 85
253 472
416 33
500
114 335
187 321
44 327
389 57
499 257
342 412
128 317
478 63
171 403
252 418
158 323
269 310
379 225
456 278
489 7
447 136
391 484
468 272
201 375
264 379
439 38
193 80
127 344
122 85
33 13
10 384
298 199
196 16
173 147
131 252
460 285
15 219
454 332
69 387
11 55
111 97
282 157
4 15
147 399
288 19
321 174
56 490
498 22
101 114
82 184
485 463
454 341
343 408
479 196
31 148
215 216
225 84
244 368
416 210
102 60
188 448
216 365
289 194
210 325
11 10
149 33
354 108
302 117
288 309
100 451
484 131
62 318
479 449
279 5
251 280
230 142
212 100
474 9
488 459
467 46
306 98
460 394
70 376
41 200
152 94
423 87
388 77
150 86
112 130
228 472
115 155
331 402
65 221
51 353
201 127
297 197
209 72
205 316
192 385
111 172
270 160
465 173
429 334
25 447
119 165
315 235
122 190
493 17
344 346
47 227
430 299
67 489
369 251
154 182
17 223
396 300
205 242
178 420
429 68
152 233
226 260
186 338
178 452
463 95
333 273
431 255
17 99
72 61
246 24
9 44
332 423
455 54
423 58
370 52
455 367
307 151
351 93
35 128
308 76
303 240
194 415
105 187
139 434
181 329
117 135
67 224
486 383
66 389
345 307
491 150
86 1
150 65
335 232
404 47
260 88
499 336
366 274
317 254
275 12
200 261
62 337
361 35
97 466
466 258
19 287
362 388
252 23
391 121
152 275
166 238
204 90
83 470
489 283
56 462
62 293
455 112
411 371
398 92
288 461
338 176
356 377
465 354
409 373
305 143
400 290
452 102
176 42
344 369
389 478
183 457
186 477
479 133
426 298
404 139
34 79
236 59
3 126
311 31
194 487
151 74
353 34
43 213
1 302
79 443
312 495
299 496
456 64
483 201
395 192
414 43
88 89
175 471
136 378
294 372
460 82
222 124
410 122
419 145
302 246
106 276
238 36
404 262
392 401
226 168
494 129
27 178
253 29
423 282
197 91
86 62
67 110
385 237
394 440
21 381
458 315
117 357
415 169
185 445
460 297
49 425
444 83
137 3
16 465
379 266
81 305
393 137
413 330
141 4
356 191
398 40
186 166
11 170
72 356
437 228
97 426
423 349
174 433
476 269
492 281
33 483
334 326
174 220
240 6
145 343
329 482
296 406
12 444
302 202
320 439
273 468
197 149
324 81
209 50
451 250
325 370
247 351
460 364
270 480
216 352
271 289
300 138
131 340
210 428
303 292
249 279
5 400
392 498
206 229
370 277
350 51
359 268
246 322
85 314
37 118
171 231
165 48
402 390
478 222
304 158
382 454
219 132
161 435
240 164
202 125
448 25
299 422
436 171
427 432
238 212
207 393
268 71
422 328
105 265
43 69
343 26
392 347
25 331
98 386
205 211
104 474
145 249
487 247
261 113
121 177
315 313
84 395
9 107
160 2
241 450
288 479
136 161
148 180
174 218
146 380
185 494
357 217
317 324
256 8
269 141
420 259
455 70
383 66
47 286
188 421
361 106
229 464
76 208
286 152
91 226
285 162
211 11
97 453
481 78
321 120
376 245
114 134
135 405
113 488
285 215
243 308
191 109
139 473
255 481
261 485
246 294
388 458
44 493
352 146
451 409
472 460
200 195
454 203
58 361
325 207
409 288
33 241
499 427
267 296
482 312
447 392
92 491
356 204
419 456
155 446
450 358
419 159
493 49
138 67
19 27
338 366
61 398
413 348
203 32
217 105
32 306
469 179
301 267
178 183
184 193
80 339
395 319
97 345
354 45
341 188
397 333
76 30
76 20
187 320
186 391
110 264
143 230
275 175
383 438
272 492
105 303
432 419
429 359
77 209
381 104
366 53
311 360
348 75
265 304
135 497
321 486
399 424
93 410
123 236
162 41
225 469
312 239
366 355
156 499
155 442
65 14
151 244
53 21
141 413
414 234
452 455
478 243
53 437
428 115
158 475
482 350
464 28
303 73
260 206
133 500
304 185
67 18
135 476
233 417
470 256
125 198
378 144
206 407
380 291
151 123
282 37
260 362
255 140
99 414
112 119
326 430
484 167
498 101
203 154
287 284
403 181
495 103
223 153
384 186
356 248
91 411
241 301
336 214
245 441
467 205
175 116
263 436
274 374
475 404
281 431
125 156
455 382
96 56
229 429
78 311
488 270
500 96
469 295
405 342
489 111
112 397
303 416
218 271
217 39
63 263
397 396
163 467
333 253
361 363
453 189
500
232 453
248 72
249 412
21 341
244 120
398 469
20 436
155 73
86 275
220 259
37 194
434 344
240 414
262 70
188 115
364 327
213 422
329 93
381 334
393 252
450 291
113 4
313 221
67 270
280 185
11 99
6 455
287 299
373 309
306 364
129 101
225 87
326 468
247 340
19 32
120 314
380 109
113 19
419 204
33 92
450 257
187 53
475 47
26 279
57 303
190 454
60 9
40 183
270 385
267 166
331 394
497 52
170 125
482 395
152 441
240 431
78 289
484 483
313 297
109 138
458 373
359 82
37 55
362 24
394 302
131 62
428 103
482 59
119 310
238 306
83 239
351 293
88 187
327 38
227 100
396 172
436 376
69 490
86 45
255 456
20 323
90 280
19 301
462 232
393 174
467 112
326 336
149 248
20 377
248 89
443 196
273 487
370 405
386 320
52 255
282 461
425 396
279 435
16 7
36 49
71 371
213 295
6 217
392 188
423 251
346 240
91 5
46 335
410 128
488 379
188 369
370 206
300 193
389 143
421 442
170 214
325 162
5 197
129 283
49 250
311 130
14 428
40 492
273 179
391 104
473 415
11 494
252 205
174 56
69 203
427 287
305 50
452 131
482 366
38 12
151 156
305 337
241 171
465 21
371 298
416 462
275 363
279 111
293 269
496 132
364 424
61 249
197 467
386 184
162 153
16 426
336 325
260 152
415 234
202 290
425 439
68 444
51 151
151 110
106 247
258 227
333 155
431 349
141 75
154 10
449 242
147 390
368 67
307 218
488 460
392 189
340 342
36 382
243 419
227 254
221 160
407 500
338 195
234 226
38 425
334 80
282 139
189 316
123 85
374 307
190 69
234 54
354 332
355 348
76 201
164 300
173 427
369 117
250 127
54 140
255 134
107 286
488 321
330 499
485 84
137 211
51 256
227 378
231 360
86 48
326 407
334 129
254 324
120 485
415 331
204 294
400 97
430 233
493 326
309 66
330 74
407 123
24 258
477 198
131 384
330 392
97 368
252 367
123 95
429 380
277 116
406 381
480 43
296 57
152 18
346 192
127 480
112 228
183 478
118 484
493 445
454 451
439 410
396 463
22 173
311 147
135 25
289 319
481 273
273 79
475 121
226 495
469 260
227 244
415 208
443 182
37 106
40 470
137 22
497 245
438 90
137 317
151 46
115 416
211 358
212 17
342 481
249 399
127 347
304 246
39 11
287 292
473 433
52 264
238 403
176 262
104 210
74 296
180 266
301 177
219 157
12 8
462 352
481 389
359 135
151 339
490 491
483 351
161 236
29 178
178 404
180 418
224 61
374 167
315 60
322 263
459 398
238 41
486 497
335 473
79 413
276 158
29 328
283 235
377 31
254 471
412 63
237 148
456 408
367 229
11 496
170 186
258 443
34 105
310 154
86 356
123 452
160 284
232 137
217 212
46 372
116 397
19 430
36 288
68 315
299 190
180 458
283 304
108 20
173 329
249 267
326 23
424 477
65 35
181 145
397 39
226 464
433 71
229 118
42 29
98 213
279 393
429 350
482 136
4 271
240 168
381 402
96 142
9 421
232 30
299 224
250 472
143 169
84 417
316 86
500 225
349 98
132 312
122 311
248 253
61 432
16 219
202 357
468 482
264 330
484 1
297 261
490 27
13 81
486 40
337 345
411 241
259 459
397 220
463 16
267 165
380 282
193 486
209 119
400 231
488 429
114 68
186 44
3 362
443 78
242 200
363 230
45 322
469 144
363 354
146 164
224 438
207 91
262 346
497 141
469 83
144 126
283 51
382 400
406 391
267 88
281 77
347 388
391 338
279 34
254 114
345 150
91 243
467 216
261 176
91 2
473 207
8 237
32 278
258 163
479 285
175 42
308 365
495 122
216 96
16 36
432 355
305 448
26 161
41 15
300 274
198 202
84 215
160 447
247 181
229 113
190 58
473 191
494 102
446 383
17 446
145 308
56 268
159 437
176 149
122 76
219 450
311 305
233 476
431 276
42 28
303 26
207 222
180 37
272 6
17 449
467 313
179 359
388 474
493 209
34 265
411 146
33 493
424 386
317 387
217 406
433 133
82 64
391 361
277 272
96 3
154 489
121 374
134 108
91 333
55 107
396 199
177 277
177 170
155 375
9 434
238 65
259 353
55 238
164 13
348 343
405 479
394 281
257 423
333 370
375 180
280 14
208 159
98 498
100 318
369 465
253 409
203 420
364 488
177 401
434 440
303 457
329 466
81 33
462 475
223 411
408 124
29 223
446 94
500
291 174
139 267
454 286
242 498
189 276
47 55
61 474
131 57
26 459
284 228
380 252
326 479
424 407
433 497
475 68
337 470
265 422
210 481
284 483
95 460
71 22
131 122
290 123
198 255
135 450
304 269
474 471
392 265
240 76
363 230
284 137
352 50
165 89
447 313
462 43
50 52
348 213
183 337
396 468
43 490
216 106
466 168
97 279
137 444
479 238
47 11
33 78
5 437
185 423
164 219
108 360
230 209
401 8
273 250
384 218
57 148
425 324
323 129
495 184
434 170
184 389
453 329
85 18
18 499
431 160
289 130
442 432
309 447
44 246
407 61
76 138
476 181
499 300
460 126
121 327
75 110
321 480
390 261
2 371
61 134
167 158
75 48
62 107
261 247
31 419
218 318
283 487
487 317
294 24
282 91
304 270
233 226
22 478
107 362
282 241
497 260
153 172
220 358
86 445
98 295
245 114
5 82
84 489
30 62
31 10
360 198
477 357
468 191
236 277
317 75
428 427
400 285
263 416
116 263
375 296
45 488
284 215
479 336
281 205
36 194
398 310
84 462
219 323
445 292
226 72
166 90
216 4
63 415
426 385
451 49
75 38
187 9
453 258
59 224
119 140
198 186
26 153
360 29
157 149
187 227
123 438
407 83
483 434
155 108
287 5
483 197
280 223
412 150
95 220
325 368
180 3
140 64
494 179
97 80
441 185
248 465
446 363
378 328
494 287
249 159
427 177
246 182
80 146
14 103
108 248
249 477
131 56
366 404
178 155
11 201
380 51
478 379
42 244
296 66
442 274
416 398
333 347
120 237
122 411
426 63
179 156
111 69
143 496
235 26
215 212
216 45
59 81
497 196
259 16
429 413
51 87
390 280
163 442
162 435
452 112
241 425
245 482
226 136
49 321
158 266
294 79
428 278
477 449
456 395
249 386
36 211
458 350
134 268
261 32
391 441
374 167
33 291
276 424
221 30
60 384
264 236
3 118
467 39
463 308
405 15
135 143
215 195
380 47
263 364
484 200
351 401
276 388
368 440
420 273
217 1
376 92
376 233
4 242
133 473
406 484
6 36
425 376
458 325
471 27
355 343
15 463
223 403
291 369
252 393
416 458
109 25
64 472
31 354
424 359
95 115
311 356
490 311
323 346
350 253
277 141
70 344
361 406
204 453
335 461
204 264
211 7
323 297
41 23
284 381
442 377
74 309
390 21
497 235
451 95
385 394
313 446
458 351
76 19
277 405
139 20
485 414
302 231
433 378
46 190
316 144
56 367
88 97
54 421
448 428
366 259
374 333
220 431
380 418
442 139
282 121
21 353
247 314
355 402
484 31
284 338
399 476
128 493
36 304
349 256
57 271
207 475
411 58
421 439
305 412
110 326
23 467
329 77
108 70
477 124
332 492
244 500
216 145
456 73
121 456
422 420
98 298
238 6
263 240
56 210
493 93
5 147
272 365
63 486
447 171
234 65
363 109
97 187
234 294
428 290
301 417
389 316
51 330
385 491
146 96
100 348
81 299
226 183
289 302
436 335
181 173
315 370
355 319
133 40
407 283
415 391
168 339
335 113
351 164
117 454
255 111
172 100
347 104
207 13
124 448
250 275
430 375
318 125
136 361
12 306
173 451
116 99
318 189
254 193
193 426
131 33
427 2
431 409
326 399
222 272
326 154
398 203
354 322
93 105
17 34
15 429
199 94
71 86
125 188
391 12
31 175
376 457
336 289
132 397
384 249
388 71
183 251
198 131
82 119
129 41
31 53
396 312
347 37
355 380
235 117
473 430
207 35
225 206
146 127
418 257
26 14
352 229
117 331
380 85
478 372
170 469
280 162
171 334
394 305
327 163
343 315
169 135
467 355
350 495
335 199
73 366
404 17
64 214
460 74
9 54
351 443
105 382
115 222
397 176
290 341
475 178
323 455
219 262
340 245
17 281
115 142
89 98
47 88
489 28
266 204
60 408
109 225
186 180
152 340
32 116
439 373
394 207
495 410
5 485
386 59
319 288
88 239
127 303
182 400
254 44
310 169
195 396
342 216
150 157
401 494
147 293
422 152
491 120
258 243
376 254
466 165
128 151
57 101
146 282
375 84
500 60
97 46
177 352
376 345
171 332
350 383
133 301
464 217
402 436
35 128
126 133
450 433
246 464
278 390
221 452
283 374
477 221
270 307
279 102
99 342
494 232
301 387
422 284
283 392
215 202
489 208
393 132
323 67
259 349
164 192
264 466
18 234
34 320
166 42
199 161
500
316 5
406 242
382 386
387 405
63 428
330 393
6 494
159 352
190 459
433 474
50 178
179 252
409 67
44 308
62 338
444 155
82 89
276 114
269 344
95 84
172 276
496 296
214 112
206 160
406 145
233 457
484 481
78 65
335 74
500 493
402 36
93 194
161 275
49 381
183 484
154 313
157 347
40 293
385 184
101 110
368 385
371 466
411 124
248 412
354 191
461 83
92 53
483 58
89 92
167 441
384 360
452 316
458 388
344 391
282 496
388 298
398 142
243 265
65 182
446 213
478 63
449 143
132 384
118 117
391 93
464 3
348 85
228 19
201 119
457 116
171 471
291 214
301 141
427 236
157 390
310 274
124 109
329 374
36 198
443 66
438 59
404 331
172 259
182 368
204 376
31 47
42 75
477 419
22 8
446 231
497 40
187 339
280 427
131 468
242 157
329 187
364 285
149 183
278 329
344 209
493 373
450 461
288 455
427 238
372 367
476 6
483 123
371 269
320 415
352 429
423 488
68 255
132 77
131 245
80 48
288 111
1 104
75 369
436 480
362 354
416 425
6 483
105 86
66 355
489 2
31 489
49 343
408 105
360 70
4 451
147 256
3 144
493 487
154 295
316 220
408 409
403 277
87 458
186 73
469 392
435 103
149 41
249 167
376 193
495 49
490 358
267 30
459 469
38 251
167 130
87 253
467 431
31 497
452 218
353 345
278 263
386 460
140 283
117 356
41 341
498 375
182 108
401 292
379 294
69 304
21 423
229 9
450 156
30 21
500 404
256 454
308 168
382 27
418 301
62 420
311 330
141 17
74 18
81 225
261 32
281 249
405 219
170 38
207 272
110 188
353 448
452 129
13 196
171 79
228 271
34 323
475 100
374 76
469 164
229 42
152 280
476 470
390 281
61 57
293 150
375 132
314 398
92 378
235 319
266 434
173 13
176 362
94 500
354 44
137 172
287 14
418 99
324 300
329 91
203 135
347 334
217 348
391 306
434 56
211 247
133 229
131 258
482 397
88 479
381 201
37 286
267 387
414 207
125 414
470 10
459 233
99 250
360 121
429 177
472 456
459 122
480 449
454 379
434 166
202 234
300 333
216 120
35 403
71 435
285 80
364 163
113 94
95 366
158 28
445 107
232 29
181 359
351 325
353 321
449 175
30 176
36 282
239 478
123 299
355 437
211 199
189 389
129 444
309 210
64 396
111 240
288 465
133 15
251 314
451 147
91 353
376 215
337 202
302 151
104 127
49 131
435 204
323 475
470 26
106 291
80 221
339 317
323 380
468 473
218 260
31 402
247 33
304 22
367 411
35 97
206 430
484 278
317 248
102 139
484 394
328 16
335 46
442 206
341 87
499 195
456 165
413 224
162 439
417 115
69 55
128 197
190 498
36 335
130 88
239 312
457 422
314 222
147 185
380 491
250 152
263 342
406 12
414 4
94 284
496 462
361 267
153 424
203 96
7 136
218 174
245 426
428 311
299 264
34 68
401 98
489 421
26 203
79 416
250 31
451 64
368 413
313 261
385 395
214 418
388 310
448 78
367 270
16 35
328 239
53 216
353 332
326 128
73 20
175 273
292 290
1 125
150 243
30 303
500 486
245 181
382 190
231 149
187 452
59 492
10 257
158 205
156 433
157 477
397 320
193 453
63 370
258 467
292 302
139 52
321 61
410 406
417 200
445 113
222 50
220 217
38 327
127 328
229 192
109 43
63 349
430 140
444 336
314 408
338 351
157 133
211 436
363 212
387 326
127 383
16 161
315 1
205 485
436 23
290 223
129 82
142 180
390 153
161 371
365 443
265 350
182 287
24 445
104 365
112 417
129 211
337 34
284 440
128 162
282 254
220 90
363 246
114 476
492 25
435 464
190 337
473 279
483 228
16 450
92 71
336 95
349 81
40 118
495 158
402 399
32 106
25 11
148 137
459 400
428 372
78 410
174 146
176 305
107 447
67 138
185 186
317 289
494 324
179 442
104 377
337 237
425 54
127 363
404 159
331 173
396 102
156 7
408 241
63 60
128 37
356 134
68 357
442 307
361 51
258 235
380 226
275 170
295 401
202 126
493 432
113 262
232 407
280 340
348 45
154 179
257 208
303 154
80 315
216 230
443 482
288 62
325 148
427 495
82 39
423 463
360 227
71 232
189 101
145 309
420 499
316 244
479 69
335 318
135 472
139 346
308 288
58 297
166 446
6 189
3 169
470 266
25 171
314 322
466 361
28 24
149 268
272 438
234 364
411 490
186 72
500
65 363
273 218
309 261
104 156
99 329
381 223
421 142
379 226
329 217
444 32
71 407
457 308
170 461
81 309
295 116
292 282
250 254
454 424
254 205
92 151
252 166
318 5
259 372
244 255
379 378
323 125
177 475
125 266
191 327
433 194
463 470
144 173
497 409
376 333
128 42
190 92
403 265
299 179
348 55
173 134
92 201
491 343
373 394
157 208
22 48
4 25
126 207
171 359
129 243
374 169
194 56
398 200
375 442
227 463
399 480
242 279
388 258
193 58
286 489
235 356
247 440
259 241
277 360
448 495
101 231
211 139
222 284
64 98
3 61
441 416
385 155
15 430
320 443
321 185
360 159
52 468
432 147
20 441
208 127
86 398
108 462
302 129
425 47
17 28
75 449
419 259
330 317
64 379
127 90
450 7
431 242
413 153
141 374
110 189
318 27
290 326
312 320
249 31
70 285
4 132
101 367
330 264
173 345
37 141
14 322
388 344
317 158
56 340
215 269
198 387
72 93
355 67
344 298
454 474
306 310
387 237
272 304
186 321
141 215
85 113
347 286
30 72
389 297
80 123
119 390
240 334
418 165
195 6
487 184
161 37
315 393
212 138
497 328
422 51
108 396
117 133
291 473
244 351
47 432
196 411
428 118
218 323
144 234
130 498
302 105
319 280
138 38
385 39
248 303
37 148
164 96
407 204
478 401
163 40
78 384
236 278
309 332
404 66
348 366
346 175
326 202
470 65
99 70
196 74
429 128
55 339
111 364
86 219
163 64
367 290
8 302
450 399
242 124
352 403
402 180
372 392
30 71
121 210
72 358
435 12
205 336
46 198
377 94
154 318
307 408
491 418
203 176
160 44
208 146
434 347
407 119
313 16
80 417
85 324
179 150
205 26
156 361
428 171
137 15
473 250
32 86
12 352
148 84
255 291
133 459
427 206
216 8
91 391
427 188
426 199
229 9
169 91
331 427
52 230
199 500
358 493
142 220
410 422
188 106
81 312
25 283
264 30
181 192
288 59
213 89
198 287
325 186
72 131
296 413
109 383
443 486
102 18
281 452
109 499
232 4
467 349
115 469
112 288
423 496
326 160
264 295
469 414
364 404
250 433
471 109
317 240
75 191
321 426
174 415
317 43
172 365
325 100
103 431
299 1
371 375
3 140
440 29
80 78
125 420
435 20
125 371
164 23
190 49
403 300
104 216
145 76
154 13
24 257
157 22
295 97
51 178
479 246
494 263
243 101
355 213
109 108
432 73
334 281
393 197
363 331
427 68
99 357
386 483
420 479
327 69
273 239
32 341
409 325
225 455
234 103
417 209
410 478
190 450
152 75
361 54
103 236
147 406
14 268
353 24
462 485
360 368
110 260
323 122
352 50
348 439
276 445
137 247
466 275
392 471
154 354
204 196
273 428
21 183
385 53
67 315
61 457
103 162
174 233
277 120
391 121
321 437
272 154
235 289
452 212
342 107
322 444
6 14
477 144
233 145
280 274
489 353
431 466
283 464
7 152
113 448
254 484
281 149
456 170
54 373
405 2
171 111
423 311
289 277
86 45
170 435
350 52
267 402
481 438
410 395
413 389
379 293
192 386
98 99
76 355
459 181
109 472
444 19
306 174
258 115
412 164
86 21
416 225
102 17
208 95
58 87
167 245
271 88
114 110
437 454
451 477
15 136
228 330
421 458
234 370
279 143
218 228
283 83
384 130
348 182
182 381
133 492
443 193
209 436
423 434
186 224
348 46
340 369
329 253
162 63
197 273
215 456
163 112
185 82
431 342
70 338
128 410
475 412
111 249
172 10
202 348
41 211
248 446
367 405
63 35
227 488
148 491
106 137
495 81
219 272
258 203
315 167
338 195
220 301
471 168
436 346
440 385
466 294
304 85
292 126
405 60
250 270
94 62
388 419
131 161
122 494
286 114
300 490
383 397
430 497
388 481
332 235
35 227
270 487
199 36
142 221
187 377
472 423
23 362
121 319
88 172
146 256
344 482
91 41
285 421
374 104
366 382
334 292
476 3
138 214
317 163
245 79
152 244
23 262
175 376
259 251
20 313
170 305
225 316
230 33
202 276
275 34
153 380
253 307
308 135
388 350
164 267
226 57
40 388
122 429
56 314
318 271
460 187
350 222
219 335
150 77
208 467
447 299
478 102
80 400
383 157
461 177
97 238
377 252
200 11
73 460
194 306
27 232
125 229
341 476
318 453
275 190
98 80
484 296
456 447
438 425
278 465
483 451
368 248
337 117
500
306 451
205 222
176 191
8 239
60 274
235 297
39 224
465 483
37 485
196 500
17 498
49 263
221 413
137 397
167 60
95 179
139 151
158 295
353 46
99 391
410 127
409 287
365 496
51 319
358 108
170 39
403 433
24 333
340 313
474 8
323 72
353 225
36 74
83 382
171 463
376 167
128 261
204 408
59 374
398 379
356 86
367 195
368 252
404 68
194 250
25 66
150 156
175 84
23 390
350 205
211 371
446 260
239 344
248 56
45 323
260 475
52 166
87 398
343 286
455 140
401 117
99 445
84 2
74 114
427 342
343 97
446 58
252 310
499 392
429 121
372 133
292 468
122 187
169 264
25 288
443 381
367 472
187 115
492 266
339 207
87 484
144 478
319 146
309 368
183 38
426 241
118 28
232 289
138 40
224 53
140 199
195 369
93 394
168 211
365 18
321 262
339 277
345 322
85 61
479 375
58 458
148 183
377 200
447 317
192 62
244 351
491 83
156 177
124 31
171 365
152 202
393 312
481 363
161 326
71 1
185 455
461 5
44 78
375 385
42 499
405 396
326 360
480 306
106 308
290 231
477 358
56 355
459 436
311 296
428 201
457 301
8 145
50 176
68 42
470 154
70 422
30 49
253 120
261 75
266 98
63 414
468 206
50 185
127 85
87 77
94 473
26 54
444 290
105 150
152 380
204 9
140 388
395 440
418 106
366 383
419 256
86 93
381 64
141 461
126 48
314 162
317 223
129 269
429 132
432 427
408 55
81 276
67 479
73 411
252 336
93 130
497 218
301 14
167 304
483 386
5 172
102 334
423 477
141 11
218 462
434 129
179 441
254 27
24 20
282 10
463 492
11 198
286 137
79 73
438 321
32 242
430 124
123 474
381 107
13 430
299 316
211 372
183 16
230 215
305 102
148 12
403 469
154 234
130 258
374 354
112 449
444 320
417 403
20 331
330 278
324 103
379 376
307 22
259 255
249 438
336 128
346 457
28 210
118 343
381 25
80 452
223 493
274 190
352 426
102 251
73 99
265 131
433 459
75 232
173 50
445 174
298 407
152 17
443 298
188 80
11 488
455 230
99 178
302 125
21 464
359 110
468 275
341 437
278 416
280 332
435 44
422 159
437 243
45 138
138 208
227 489
452 26
54 448
298 307
364 196
249 267
169 37
466 149
330 226
238 171
25 204
450 399
372 3
494 19
347 480
407 429
293 158
158 216
7 139
253 244
306 494
78 257
177 212
223 442
270 292
320 361
126 377
96 418
59 67
253 182
441 194
497 314
453 273
377 329
301 497
297 30
348 346
301 157
31 163
391 113
380 338
184 112
205 424
363 299
213 439
122 270
17 111
401 476
176 303
155 23
456 184
362 126
411 32
413 141
16 76
100 330
293 89
155 104
165 134
151 249
194 367
436 311
129 148
480 34
27 337
178 100
177 142
22 428
118 395
373 253
406 189
92 188
54 214
113 349
298 431
348 105
329 7
343 402
266 70
298 444
490 197
12 370
71 69
80 389
257 136
433 71
471 228
161 246
131 466
251 486
390 387
497 487
311 271
401 47
381 432
241 335
115 79
64 247
10 404
17 175
69 13
374 165
52 373
299 412
290 63
174 456
349 305
379 94
421 236
333 352
273 419
227 161
192 52
237 393
186 453
77 82
357 348
334 406
106 109
465 181
127 221
140 160
155 81
82 421
34 219
461 409
62 465
496 481
30 122
238 467
279 327
405 36
101 248
362 217
361 91
45 254
204 95
300 405
54 434
3 169
90 341
428 43
215 119
156 6
208 410
62 423
367 4
90 123
400 300
160 118
383 272
424 378
160 265
461 155
174 350
328 153
260 470
92 482
346 353
211 401
114 356
223 450
312 51
255 366
483 324
59 291
450 357
146 328
317 446
128 147
60 96
225 309
352 135
166 318
332 345
149 29
77 282
266 193
371 294
434 192
137 283
80 435
79 21
39 293
282 443
253 447
376 362
336 359
300 92
320 57
63 364
78 164
60 41
87 245
251 425
402 144
240 454
273 227
473 152
117 59
26 268
287 235
406 284
373 280
135 325
55 180
392 495
127 203
234 471
175 302
348 384
323 420
19 45
36 490
49 400
414 229
481 240
289 220
35 460
260 417
386 168
482 279
13 90
494 170
397 209
32 186
416 237
500 340
269 143
300 33
376 101
59 233
431 88
159 213
125 238
450 491
377 24
123 116
487 173
15 315
92 281
394 35
475 15
330 259
65 415
362 347
146 285
482 65
277 87
500
241 127
119 371
266 455
58 178
275 269
3 83
113 299
126 195
301 154
342 370
376 479
139 193
487 188
228 241
415 414
69 45
146 236
264 376
452 434
178 469
1 100
43 161
413 379
492 133
264 396
183 411
69 416
306 373
418 275
26 436
421 387
479 372
353 277
11 141
337 480
267 417
28 5
197 363
473 88
209 395
390 270
250 439
371 467
357 73
131 472
256 442
496 312
154 4
58 149
80 34
432 168
281 322
132 10
100 307
148 232
188 22
334 159
385 441
322 327
161 86
205 52
432 26
217 172
454 48
446 213
51 494
220 290
16 493
494 76
224 72
295 20
23 422
319 404
145 170
245 443
171 54
10 102
322 310
220 419
325 231
129 355
108 330
109 318
363 156
383 140
141 345
81 325
183 111
266 406
137 82
52 481
46 77
30 132
111 247
266 267
419 138
37 499
439 311
392 43
346 108
57 119
229 366
185 153
228 316
226 36
379 459
275 478
66 463
451 470
333 383
322 298
419 95
434 448
193 258
2 65
185 240
287 85
360 361
453 184
349 37
169 103
131 449
368 21
165 279
164 185
174 273
430 266
247 386
463 490
409 484
439 66
222 248
296 212
118 245
151 291
191 401
155 216
380 321
386 18
122 264
89 63
314 468
37 398
472 405
349 58
236 145
493 326
239 30
28 471
141 428
100 424
350 451
396 137
291 199
38 359
190 473
492 498
153 74
454 19
446 482
329 208
286 369
87 400
400 352
184 378
14 202
359 261
337 155
473 384
284 203
363 174
339 91
247 3
379 163
144 186
459 191
53 249
133 9
218 274
397 425
378 408
18 201
496 7
468 250
496 173
55 286
3 49
342 488
334 282
107 412
429 175
164 235
362 81
443 347
145 131
75 130
282 25
409 393
250 171
40 334
275 31
130 381
487 162
245 294
192 489
315 353
355 402
311 196
174 254
238 304
445 24
43 98
198 122
84 426
277 397
38 183
220 38
86 181
134 260
232 293
325 377
76 13
32 475
410 329
204 60
58 55
325 337
327 222
234 487
126 182
366 444
57 210
239 166
395 296
363 200
188 129
198 458
156 392
263 57
194 354
354 342
415 317
434 333
71 271
285 403
492 1
144 457
119 341
446 59
87 415
2 255
7 64
73 418
484 253
202 259
31 44
125 226
500 367
107 351
150 431
304 113
226 237
273 114
226 192
227 79
95 380
458 292
482 435
15 214
307 429
158 243
469 42
202 115
231 89
61 67
292 358
462 47
263 225
260 295
397 128
399 234
476 297
441 116
453 409
405 374
462 93
13 302
73 454
149 433
246 460
193 315
174 12
260 476
425 340
129 165
175 146
301 230
376 218
62 276
30 97
177 268
245 207
20 223
136 285
100 284
23 391
483 194
331 430
360 16
281 144
27 151
453 465
133 176
95 69
219 462
422 335
70 256
236 117
289 278
269 308
207 50
300 346
257 158
203 187
236 413
125 262
250 148
39 211
435 357
107 452
294 453
223 356
283 432
397 491
225 109
499 217
205 313
34 500
393 220
340 62
222 228
292 14
264 101
351 104
50 209
22 110
346 350
349 281
218 252
230 368
413 68
127 29
27 320
385 477
173 349
72 78
420 364
266 339
121 239
229 179
325 394
233 205
425 365
160 309
264 107
39 135
90 257
283 11
155 410
170 96
160 301
286 180
59 323
250 197
88 344
272 382
313 15
353 303
175 134
264 314
391 375
68 246
325 233
382 204
9 331
354 440
470 221
428 362
376 28
212 190
68 348
414 287
126 147
488 167
88 263
420 283
55 157
405 445
166 407
68 84
307 385
465 120
48 8
219 390
475 56
33 6
295 92
361 152
183 33
87 94
269 39
189 35
220 70
372 306
284 189
242 2
258 423
382 105
138 464
243 118
153 87
313 123
114 32
21 388
63 332
496 497
270 360
365 61
105 198
474 41
297 450
356 300
76 224
146 486
20 71
79 46
429 106
486 238
274 227
242 328
137 160
4 164
450 319
246 466
444 251
75 324
258 438
328 495
217 142
425 169
404 206
331 112
106 215
122 461
422 474
360 437
410 53
415 51
317 150
433 40
259 289
186 427
197 343
413 265
141 80
218 244
48 90
358 483
140 421
308 496
278 177
430 288
179 126
147 492
131 136
376 447
224 336
269 229
149 485
331 75
75 121
214 446
337 389
58 456
298 27
108 272
498 242
151 219
491 280
319 125
223 124
205 305
253 139
3 23
285 143
421 99
282 399
196 338
17 420
500
485 474
62 196
449 77
420 167
499 195
314 390
376 303
365 407
456 9
67 200
366 448
97 245
177 180
202 287
323 425
421 466
11 21
180 277
119 500
384 53
251 482
171 166
370 183
14 261
464 433
212 285
198 439
415 337
175 117
34 418
136 14
335 355
276 71
174 457
280 365
354 278
422 498
81 264
317 128
228 476
11 218
150 17
490 213
31 168
372 258
17 132
142 256
395 124
206 159
102 270
434 317
102 164
33 61
288 15
396 356
26 230
371 58
347 234
147 54
24 325
154 421
17 91
317 279
479 306
226 453
40 86
88 216
272 184
373 497
380 263
173 150
135 352
14 413
280 65
307 315
278 446
280 176
306 486
128 219
25 366
279 102
205 116
415 93
342 49
351 6
72 131
295 362
416 52
311 408
226 272
454 467
253 85
182 343
63 215
365 84
293 371
241 137
475 95
437 33
34 333
312 158
350 462
351 107
276 479
109 202
294 62
134 452
296 44
420 81
109 417
381 394
171 57
224 251
495 163
86 104
232 415
310 492
375 10
329 227
41 118
188 464
241 424
1 331
369 239
276 198
309 154
225 290
205 299
168 47
50 2
291 327
45 197
134 473
359 140
467 199
311 262
406 304
14 292
347 214
326 328
8 353
13 341
153 162
391 113
363 387
100 323
39 252
21 20
30 363
231 181
117 247
396 40
426 420
68 280
414 368
325 458
186 335
258 336
80 342
252 489
94 186
227 11
11 108
130 496
440 112
132 330
150 406
39 73
49 232
457 388
206 294
62 39
418 369
275 221
455 171
121 23
450 144
132 123
208 63
48 395
269 367
221 143
52 445
137 322
252 267
362 138
378 379
216 115
406 442
321 189
362 375
434 220
166 120
373 69
422 240
288 370
166 346
151 361
88 381
70 348
278 87
457 160
419 485
238 125
339 174
497 293
206 60
146 468
92 410
377 396
74 469
293 271
64 435
289 249
438 427
222 238
57 99
87 373
184 478
385 31
387 364
152 203
452 358
380 404
359 80
74 412
500 392
67 110
77 286
281 76
131 344
383 440
51 357
179 438
332 204
245 297
88 274
492 129
390 275
245 229
439 320
336 127
403 226
214 372
445 383
487 187
145 391
118 169
408 422
447 130
381 190
426 345
88 185
237 72
142 100
344 295
227 283
259 450
407 161
398 177
398 454
426 75
396 259
328 79
345 22
355 253
453 443
40 25
309 50
304 495
481 305
200 188
13 456
176 431
344 480
477 121
384 380
105 312
32 136
168 98
148 318
462 490
325 314
306 45
179 321
489 296
27 329
248 359
32 24
469 4
433 351
200 298
459 313
108 194
89 67
239 471
453 273
390 436
173 339
226 210
157 165
263 405
330 244
3 64
71 311
181 51
225 281
422 488
207 291
419 59
14 151
270 350
454 68
151 414
392 96
298 349
162 109
480 70
319 97
410 374
48 428
246 172
79 419
229 289
121 32
187 402
85 205
154 399
156 106
415 401
91 316
466 463
37 309
489 156
224 209
181 7
464 37
67 175
329 228
24 208
183 265
13 491
312 338
74 235
272 191
285 46
378 153
27 441
280 340
47 13
137 248
61 354
236 260
135 103
200 487
58 334
146 133
81 382
220 231
144 242
199 82
23 269
52 475
299 237
108 386
437 28
195 19
205 157
363 409
346 66
94 326
303 34
453 460
147 360
397 377
75 55
380 276
375 319
7 170
188 12
402 430
420 94
401 481
286 477
112 301
259 284
367 250
8 429
44 38
13 141
9 126
360 447
26 384
363 18
239 459
251 16
316 484
2 29
12 142
85 105
224 493
412 3
323 411
54 134
473 254
480 1
51 111
85 307
457 148
123 211
156 393
170 499
89 207
190 288
481 5
113 92
467 494
247 470
261 225
75 146
391 41
474 83
22 101
16 35
341 434
29 416
41 78
400 178
293 308
164 465
175 212
117 310
319 48
480 193
314 173
393 224
273 268
8 423
449 145
100 444
378 332
474 398
46 119
329 455
433 122
344 42
109 324
464 426
455 201
133 149
45 257
466 43
291 26
251 347
58 233
210 179
321 90
96 135
385 449
339 36
481 8
67 139
454 378
186 483
295 300
301 182
63 451
184 437
433 400
441 30
279 217
197 246
293 222
110 243
414 432
340 206
178 236
74 266
448 89
197 302
495 223
29 74
249 88
318 282
82 155
314 376
23 27
228 397
415 152
69 461
484 472
113 192
392 56
285 241
150 403
254 385
336 114
387 389
255 147
500
196 379
243 486
45 396
255 434
418 6
264 188
13 261
84 334
306 296
419 378
214 487
343 392
184 258
45 286
272 108
258 154
430 489
492 140
189 120
155 276
231 228
361 156
448 298
190 426
351 475
207 205
201 468
362 89
96 26
369 353
262 67
82 256
62 436
238 363
310 253
232 2
348 15
104 216
134 44
403 285
2 47
298 446
17 217
105 114
392 259
337 267
393 91
237 222
351 75
282 293
356 382
2 203
23 447
114 226
449 71
422 183
496 199
2 62
162 48
455 401
172 52
118 113
266 289
119 315
167 499
111 117
5 307
109 278
407 271
81 466
97 20
494 136
498 361
475 281
328 252
115 238
63 328
398 10
489 78
154 192
341 420
491 448
334 490
149 236
140 498
226 110
370 74
166 195
179 116
369 442
249 41
281 480
283 452
181 231
203 422
257 35
362 482
205 492
322 161
75 8
1 469
267 174
304 437
142 274
245 292
18 109
175 491
296 223
272 400
479 33
59 5
435 220
14 476
282 377
107 173
325 488
110 239
296 63
129 55
370 433
436 177
192 80
248 163
34 85
46 478
180 53
360 14
199 371
472 149
289 178
357 424
55 325
92 166
112 21
208 481
456 321
256 132
236 185
441 295
345 23
482 463
67 300
494 246
256 208
495 124
79 190
261 162
322 165
308 432
183 213
112 421
253 187
213 145
39 347
397 445
432 146
344 66
431 470
313 240
173 111
437 60
194 45
413 22
10 306
452 406
377 3
296 229
233 104
358 404
148 224
385 360
16 4
59 189
154 358
93 151
386 61
124 27
452 374
196 297
82 386
426 494
155 125
351 221
435 350
353 127
217 138
414 457
76 320
400 316
211 31
83 419
496 152
244 312
183 101
257 443
226 290
147 176
10 30
397 375
288 270
373 247
18 368
500 212
424 158
145 225
229 13
109 19
427 461
394 355
342 405
372 255
138 288
162 346
286 465
66 248
393 40
139 118
123 341
32 43
254 335
465 84
325 119
132 211
422 322
226 68
495 206
236 337
326 407
5 25
66 318
90 123
131 37
330 103
283 408
27 233
340 397
191 380
129 106
434 182
496 191
337 39
104 471
69 230
470 77
478 237
299 354
244 79
368 359
420 394
297 352
166 305
465 130
89 92
466 107
391 282
281 200
311 398
253 495
305 34
9 81
203 294
114 304
228 36
307 112
193 207
263 49
330 385
111 98
108 147
454 167
410 389
393 122
188 351
2 438
492 73
417 153
402 332
277 413
60 179
154 369
49 86
372 263
402 435
193 57
455 144
7 326
69 455
410 367
348 311
56 70
70 268
18 171
377 373
385 327
491 137
470 7
269 329
259 340
34 148
7 180
171 319
110 356
425 364
134 58
7 94
64 323
459 395
356 194
347 59
143 399
121 172
315 473
460 324
204 242
109 291
389 170
181 403
34 209
334 56
138 241
250 264
171 365
409 349
283 54
280 331
229 234
276 412
429 339
326 42
14 141
152 265
355 411
108 370
370 308
214 272
51 440
32 464
358 249
47 348
23 143
391 310
377 250
150 428
331 227
333 302
314 402
245 260
32 287
339 169
260 51
78 362
494 214
311 449
432 69
444 142
451 9
500 423
484 500
454 139
285 17
38 393
243 210
492 497
450 133
384 232
285 383
153 277
187 175
455 451
442 372
47 135
280 38
182 381
132 196
162 157
474 344
61 131
404 462
227 342
218 266
230 28
14 429
414 128
416 391
398 97
275 198
303 474
119 193
308 243
303 32
422 215
130 459
238 343
209 254
197 99
47 458
152 11
69 416
356 18
299 72
243 410
69 453
322 65
24 115
11 336
32 366
399 484
302 245
183 496
5 317
373 164
56 121
390 430
154 439
236 483
402 160
484 244
259 313
23 87
352 485
405 150
298 251
468 387
122 46
373 467
206 50
69 90
179 197
180 479
340 493
257 280
411 409
298 460
164 12
241 414
422 24
136 155
72 345
42 417
143 415
373 269
328 202
284 275
410 301
282 431
179 425
30 204
431 181
360 314
29 376
303 388
285 283
350 450
77 418
378 134
390 159
365 184
162 219
116 299
15 64
49 357
488 257
39 444
160 16
83 29
451 384
374 284
132 235
482 105
212 279
92 129
465 477
344 472
350 102
335 168
430 454
174 338
391 186
29 441
183 83
165 1
354 76
286 218
78 201
330 95
333 96
65 126
96 330
462 100
55 82
413 456
276 88
499 303
121 262
435 390
155 93
28 309
323 273
461 333
